2012-06-18,419.00,425.20,413.60,419.75,5415800,376.5363
2012-06-19,421.00,425.00,415.30,420.25,3774800,376.9848
2012-06-20,423.90,429.40,421.10,426.80,3875900,382.8605
2012-06-21,424.35,431.95,422.80,430.15,2905500,385.8656
2012-06-22,424.90,426.90,416.50,418.60,3931200,375.5047
2012-06-25,420.00,424.70,411.55,414.65,2514600,371.9613
2012-06-26,412.00,412.50,405.50,410.50,4218300,368.2386
2012-06-27,412.10,422.00,412.10,420.70,3272500,377.3885
2012-06-28,421.10,430.95,420.15,429.05,4935400,384.8788
2012-06-29,434.45,444.00,432.50,441.45,4369600,396.0022
2012-07-02,444.00,454.50,441.65,446.95,4049100,400.936
2012-07-03,448.00,450.75,442.00,446.35,2438800,400.3978
2012-07-04,448.00,455.60,447.10,451.80,3127700,405.2867
2012-07-05,451.40,453.80,448.50,451.60,2089500,405.1073
2012-07-06,451.00,451.20,443.55,448.25,1897600,402.1022
2012-07-09,445.00,445.00,435.20,437.60,2083600,392.5486
2012-07-10,437.00,441.80,432.55,438.80,3775900,393.625
2012-07-11,437.05,443.35,435.10,436.00,3046500,391.1133
2012-07-12,434.80,436.50,427.05,428.50,3517000,384.3854
2012-07-13,430.00,433.00,424.10,425.00,3317100,381.2458
2012-07-16,417.50,418.70,406.20,407.95,4011700,376.5841
2012-07-17,411.00,413.65,404.85,405.80,3394300,374.5994
2012-07-18,405.00,413.75,404.30,411.65,3357600,379.9996
2012-07-19,416.00,416.90,412.75,414.45,2692600,382.5843
2012-07-20,411.50,417.90,411.50,415.95,2338100,383.969
2012-07-23,412.00,412.40,398.00,399.50,2928500,368.7838
2012-07-24,399.35,402.45,393.90,396.85,3333200,366.3375
2012-07-25,396.00,397.80,385.70,386.50,5145500,356.7833
2012-07-26,388.10,390.95,382.00,384.00,7446600,354.4755
2012-07-27,390.00,402.80,389.65,399.15,5106600,368.4607
2012-07-30,404.00,411.60,402.30,410.35,3444200,378.7995
2012-07-31,411.25,416.65,401.00,414.45,4044600,382.5843
2012-08-01,415.00,416.80,407.95,409.55,2994500,378.061
2012-08-02,409.10,410.35,402.60,405.95,3141300,374.7378
2012-08-03,402.25,402.30,392.50,397.00,4108800,366.476
2012-08-06,404.00,408.80,401.25,404.30,3027300,373.2147
2012-08-07,406.00,409.25,403.55,406.15,2709300,374.9225
2012-08-08,407.90,414.80,406.60,408.05,4525100,376.6764
2012-08-09,405.85,409.90,402.30,406.30,4225600,375.0609
2012-08-10,405.10,406.90,398.60,400.10,3006200,369.3376
2012-08-13,401.00,401.15,391.50,395.45,4206700,365.0452
2012-08-14,390.00,406.90,388.60,406.10,6586400,374.8763
2012-08-15,406.10,406.10,406.10,406.10,000,374.8763
2012-08-16,406.10,409.40,397.20,398.25,4331400,367.6299
2012-08-17,399.25,401.85,392.00,394.80,4503200,364.4451
2012-08-20,394.80,394.80,394.80,394.80,000,364.4451
2012-08-21,395.00,397.50,387.00,392.10,5620200,361.9527
2012-08-22,392.10,396.50,389.20,392.55,3790300,362.3681
2012-08-23,395.90,403.40,395.00,398.55,4818900,367.9068
2012-08-24,396.00,396.10,385.80,387.80,5394400,357.9833
2012-08-27,390.50,391.40,384.50,385.65,3345200,355.9986
2012-08-28,389.40,389.40,373.10,378.20,4610700,349.1215
2012-08-29,375.50,379.25,373.00,374.40,2981200,345.6136
2012-08-30,373.30,373.75,364.50,365.90,5615300,337.7671
2012-08-31,366.00,368.60,358.10,361.40,4784100,333.6131
2012-09-03,364.15,366.65,355.20,358.00,3653200,330.4746
2012-09-04,357.70,364.95,355.55,363.70,3159000,335.7363
2012-09-05,360.60,361.70,348.55,349.90,5638900,322.9973
2012-09-06,350.70,353.90,347.25,351.25,4704900,324.2435
2012-09-07,360.20,372.00,360.20,370.90,7130700,342.3827
2012-09-10,375.00,383.40,375.00,380.05,6092600,350.8292
2012-09-11,378.20,379.20,374.25,376.95,2445600,347.9676
2012-09-12,381.95,388.00,376.20,387.15,4391500,357.3833
2012-09-13,388.00,390.45,382.25,387.60,3744800,357.7987
2012-09-14,399.70,408.00,399.15,405.00,7504500,373.8609
2012-09-17,410.00,415.15,404.05,409.95,6461500,378.4303
2012-09-18,408.00,409.90,404.00,405.30,3292700,374.1378
2012-09-19,405.30,405.30,405.30,405.30,000,374.1378
2012-09-20,401.00,401.85,392.00,393.10,3792600,362.8758
2012-09-21,396.50,413.95,396.50,409.35,7042400,377.8764
2012-09-24,409.50,414.90,404.50,406.70,4380300,375.4302
2012-09-25,406.50,408.40,396.65,400.35,4220500,369.5684
2012-09-26,398.10,405.00,394.10,396.20,4609900,365.7375
2012-09-27,396.20,402.40,395.00,396.30,5039900,365.8298
2012-09-28,401.00,409.60,398.80,400.90,5298600,370.0761
2012-10-01,401.90,402.60,393.00,398.95,3768300,368.2761
2012-10-02,398.95,398.95,398.95,398.95,000,368.2761
2012-10-03,399.50,405.80,397.50,403.80,4246100,372.7531
2012-10-04,406.80,412.70,405.50,409.00,5192300,377.5533
2012-10-05,412.60,414.05,339.00,410.55,5846500,378.9841
2012-10-08,409.00,417.90,405.80,407.65,7300500,376.3071
2012-10-09,411.35,415.90,408.10,412.05,3590400,380.3688
2012-10-10,411.90,418.45,410.10,411.60,5006600,379.9534
2012-10-11,414.40,421.90,410.20,420.25,6000600,387.9384
2012-10-12,422.30,426.50,419.40,420.95,5237200,388.5845
2012-10-15,420.05,422.55,416.00,418.90,3103400,386.6922
2012-10-16,421.80,422.85,407.15,409.10,2990800,377.6457
2012-10-17,414.90,414.90,404.20,407.20,3170600,375.8917
2012-10-18,409.40,412.50,405.80,411.75,4069300,380.0919
2012-10-19,410.00,412.85,405.20,407.45,3094100,376.1225
2012-10-22,405.20,410.40,403.10,407.85,2244300,376.4918
2012-10-23,404.00,409.90,403.65,404.40,1683700,373.307
2012-10-24,404.40,404.40,404.40,404.40,000,373.307
2012-10-25,405.10,406.80,397.90,398.80,4391100,368.1376
2012-10-26,397.50,401.85,396.65,399.80,1939000,369.0607
2012-10-29,401.00,404.30,399.10,402.05,1878800,371.1377
2012-10-30,402.05,403.70,392.50,393.05,2127600,362.8297
2012-10-31,394.00,395.65,388.60,392.20,3827300,362.045
2012-11-01,393.00,399.90,392.00,397.45,2478000,366.8914
2012-11-02,400.40,403.95,398.50,402.35,2575700,371.4146
2012-11-05,399.10,399.75,395.50,397.65,1709300,367.076
2012-11-06,394.10,399.70,393.85,398.95,2429100,368.2761
2012-11-07,396.60,404.90,396.60,401.95,2427500,371.0454
2012-11-08,399.50,404.75,396.60,403.95,2267600,372.8916
2012-11-09,404.20,408.75,385.50,390.55,5756700,360.5219
2012-11-12,385.60,386.30,381.25,384.10,3787000,354.5678
2012-11-13,385.90,387.50,384.10,385.90,748100,356.2294
2012-11-14,385.90,385.90,385.90,385.90,000,356.2294
2012-11-15,384.90,384.90,374.10,375.40,3370500,346.5367
2012-11-16,375.00,379.90,369.15,370.10,3120200,341.6442
2012-11-19,370.00,373.65,362.10,363.50,3631000,335.5517
2012-11-20,368.00,368.30,359.10,360.55,3219500,332.8285
2012-11-21,362.70,366.60,360.05,364.75,2352000,336.7056
2012-11-22,368.00,369.45,362.70,365.95,2956300,337.8133
2012-11-23,366.75,368.35,361.25,364.85,2231500,336.7979
2012-11-26,365.25,374.20,365.25,371.85,2884700,343.2597
2012-11-27,375.00,378.90,373.35,375.95,3178400,347.0445
2012-11-28,375.95,375.95,375.95,375.95,000,347.0445
2012-11-29,377.00,381.75,375.70,376.80,3962200,347.8291
2012-11-30,376.80,387.80,376.80,386.20,4819700,356.5064
2012-12-03,388.00,393.45,387.00,390.70,3458000,360.6604
2012-12-04,391.00,392.35,386.70,390.15,2417100,360.1526
2012-12-05,394.60,399.90,392.65,398.20,3956100,367.5837
2012-12-06,399.60,403.90,392.30,399.80,2605600,369.0607
2012-12-07,402.50,403.95,392.10,394.25,3525500,363.9374
2012-12-10,395.00,400.90,394.55,400.30,2595400,369.5222
2012-12-11,402.65,402.90,392.70,396.10,3074400,365.6452
2012-12-12,396.90,400.30,394.40,395.45,3133700,365.0452
2012-12-13,396.60,397.65,387.20,388.65,3060700,358.768
2012-12-14,389.00,400.05,387.00,397.00,2634900,366.476
2012-12-17,398.50,402.40,395.35,399.05,3119300,368.3683
2012-12-18,401.10,416.10,396.10,414.30,8339200,382.4458
2012-12-19,417.90,424.90,416.05,424.10,8834700,391.4924
2012-12-20,423.00,433.60,415.70,431.60,7697400,398.4157
2012-12-21,428.30,436.50,424.95,430.70,5817300,397.5849
2012-12-24,430.10,435.90,426.90,428.60,4990700,395.6464
2012-12-25,428.60,428.60,428.60,428.60,000,395.6464
2012-12-26,429.00,433.80,427.70,429.90,2434500,396.8464
2012-12-27,433.00,436.85,430.00,430.75,4210500,397.631
2012-12-28,431.85,433.60,426.30,428.55,2833100,395.6002
2012-12-31,427.60,431.75,427.05,428.50,1836800,395.554
2013-01-01,431.90,440.00,431.35,438.20,3104400,404.5083
2013-01-02,442.50,443.75,436.80,438.15,2596800,404.4621
2013-01-03,440.00,444.60,438.85,442.30,3284000,408.293
2013-01-04,441.00,441.00,430.00,433.50,3645000,400.1696
2013-01-07,434.90,448.00,430.20,440.90,6852100,407.0006
2013-01-08,439.80,440.05,430.10,433.35,3776300,400.0311
2013-01-09,434.05,435.55,421.00,422.30,7470000,389.8307
2013-01-10,424.95,426.85,418.25,420.50,4800600,388.1691
2013-01-11,420.50,424.80,415.60,417.30,3351500,385.2152
2013-01-14,418.10,424.50,413.35,423.80,2788100,391.2154
2013-01-15,423.55,427.85,421.15,424.80,2983600,392.1385
2013-01-16,421.50,423.70,413.60,414.95,2370900,383.0459
2013-01-17,411.35,420.50,408.85,418.70,4200700,386.5075
2013-01-18,419.60,423.00,413.40,415.00,2706700,383.092
2013-01-21,415.00,419.05,411.50,414.10,2550300,382.2612
2013-01-22,414.10,419.30,407.15,408.70,2556500,377.2764
2013-01-23,410.40,413.65,402.60,407.55,3093100,376.2148
2013-01-24,408.60,411.90,402.75,404.50,3137900,373.3993
2013-01-25,404.70,408.25,398.55,406.75,3390400,375.4763
2013-01-28,407.70,410.40,404.65,405.65,2801900,374.4609
2013-01-29,405.80,411.40,397.10,399.00,3858300,368.3222
2013-01-30,400.95,408.50,399.60,406.25,3481000,375.0148
2013-01-31,405.00,407.10,401.45,404.90,2973700,373.7686
2013-02-01,406.60,411.70,399.55,400.85,3255000,370.03
2013-02-04,403.00,404.45,394.15,395.05,3801100,364.6759
2013-02-05,392.00,397.90,391.60,394.75,2919000,364.399
2013-02-06,396.40,402.80,396.40,397.45,3475400,366.8914
2013-02-07,397.50,398.00,389.60,390.40,2676000,360.3834
2013-02-08,390.85,393.95,385.00,387.45,2988600,357.6603
2013-02-11,390.05,390.40,384.05,384.80,2602400,355.214
2013-02-12,385.10,387.50,382.20,384.90,2497900,355.3063
2013-02-13,385.10,387.70,375.10,376.00,4003900,347.0906
2013-02-14,370.00,382.50,368.30,380.90,7140300,351.6138
2013-02-15,378.00,382.30,371.80,376.10,3595800,347.1829
2013-02-18,376.05,387.00,374.55,385.25,3763700,355.6294
2013-02-19,386.00,388.80,380.10,386.70,2639700,356.9679
2013-02-20,387.90,388.85,378.10,379.25,4103200,350.0907
2013-02-21,375.85,375.85,363.50,363.90,5800000,335.9209
2013-02-22,364.20,367.90,360.70,364.50,4945400,336.4748
2013-02-25,365.75,368.40,359.75,360.70,3244700,332.967
2013-02-26,360.00,360.20,348.50,349.45,4507100,322.5819
2013-02-27,350.65,358.20,346.25,357.10,4715000,329.6438
2013-02-28,359.05,360.50,338.00,341.50,7020100,315.2432
2013-03-01,341.80,347.60,340.05,341.10,3219600,314.8739
2013-03-04,340.00,340.30,333.35,334.70,3257300,308.966
2013-03-05,335.20,345.55,333.50,344.15,4705000,317.6894
2013-03-06,347.10,356.50,343.10,352.75,4832700,325.6282
2013-03-07,352.90,352.90,344.55,350.55,2984100,323.5974
2013-03-08,352.00,361.70,352.00,359.15,4796700,331.5361
2013-03-11,358.60,362.85,354.55,359.35,3663100,331.7208
2013-03-12,360.00,361.50,352.00,356.25,3406500,328.8591
2013-03-13,355.00,356.90,350.70,352.10,2399700,325.0282
2013-03-14,352.10,358.25,346.60,357.10,3071900,329.6438
2013-03-15,357.85,362.80,353.20,354.45,2785400,327.1975
2013-03-18,348.85,352.00,346.30,349.30,1997700,322.4435
2013-03-19,351.00,351.75,338.40,339.70,2816600,313.5816
2013-03-20,339.70,342.40,332.60,334.75,3071000,309.0122
2013-03-21,336.50,340.95,325.00,327.85,3404600,302.6427
2013-03-22,327.10,328.00,320.20,321.85,3812400,297.104
2013-03-25,328.00,328.30,313.10,314.40,4749100,290.2268
2013-03-26,312.15,313.90,305.00,306.55,4553300,282.9804
2013-03-27,306.55,306.55,306.55,306.55,000,282.9804
2013-03-28,305.50,317.40,300.70,312.85,13231600,288.796
2013-03-29,312.85,312.85,312.85,312.85,000,288.796
2013-04-01,314.70,316.50,310.20,314.70,3261700,290.5038
2013-04-02,314.10,321.45,313.20,319.70,3408300,295.1193
2013-04-03,318.80,325.30,315.65,316.85,3831800,292.4885
2013-04-04,315.10,315.50,303.05,304.35,4779800,280.9495
2013-04-05,303.50,312.65,303.20,309.20,3985800,285.4266
2013-04-08,310.50,312.50,304.70,305.90,3332300,282.3803
2013-04-09,308.10,313.80,303.55,304.40,3865100,280.9957
2013-04-10,307.35,308.85,300.00,305.25,5713000,281.7803
2013-04-11,308.00,308.40,297.70,298.50,6354100,275.5493
2013-04-12,297.00,303.30,295.05,299.50,4985200,276.4724
2013-04-15,298.00,298.00,293.70,294.45,3581500,271.8107
2013-04-16,294.45,300.70,292.50,298.35,6057900,275.4109
2013-04-17,301.00,303.50,296.10,297.05,6527800,274.2108
2013-04-18,297.20,302.50,293.80,299.80,5488100,276.7494
2013-04-19,299.80,299.80,299.80,299.80,000,276.7494
2013-04-22,301.80,308.20,301.00,306.70,5309900,283.1189
2013-04-23,307.10,312.20,306.10,309.10,5032000,285.3343
2013-04-24,309.10,309.10,309.10,309.10,000,285.3343
2013-04-25,310.25,314.45,310.00,312.55,4548100,288.519
2013-04-26,313.30,316.60,304.20,305.05,3594000,281.5957
2013-04-29,305.50,306.70,301.10,302.45,2526400,279.1956
2013-04-30,304.90,307.40,297.70,302.75,4131600,279.4725
2013-05-01,302.75,302.75,302.75,302.75,000,279.4725
2013-05-02,304.00,306.50,302.00,304.60,2831700,281.1803
2013-05-03,303.50,314.40,301.05,311.20,5365600,287.2729
2013-05-06,313.35,323.30,313.00,322.55,5891200,297.7502
2013-05-07,324.20,326.40,320.00,324.70,5033000,299.7349
2013-05-08,326.25,326.80,316.30,318.65,5171800,294.15
2013-05-09,319.70,321.90,314.80,316.10,3136500,291.7961
2013-05-10,316.95,320.40,315.10,318.50,2829400,294.0116
2013-05-13,318.90,321.25,305.00,305.60,4056100,282.1034
2013-05-14,302.80,306.70,296.50,303.90,6211700,280.5341
2013-05-15,305.00,309.80,305.00,308.30,3776400,284.5958
2013-05-16,308.30,314.60,307.60,311.80,4422300,287.8267
2013-05-17,312.70,313.45,308.50,311.85,3170500,287.8729
2013-05-20,312.90,319.70,312.50,315.35,4090300,291.1038
2013-05-21,315.00,316.50,306.70,308.60,2972800,284.8728
2013-05-22,307.35,313.50,304.10,305.95,3317100,282.4265
2013-05-23,305.00,310.50,295.35,299.55,8492600,276.5186
2013-05-24,310.15,319.50,306.50,313.00,11516000,288.9345
2013-05-27,313.10,318.65,310.80,317.15,3704000,292.7654
2013-05-28,316.05,323.80,316.05,321.80,5223200,297.0578
2013-05-29,321.70,322.90,312.50,314.55,3606500,290.3653
2013-05-30,313.05,313.05,300.75,301.65,6412600,278.4571
2013-05-31,303.75,303.75,290.10,291.75,6769900,269.3183
2013-06-03,293.50,297.80,290.05,296.50,4360000,273.7031
2013-06-04,297.20,302.40,297.10,298.75,3837100,275.7801
2013-06-05,297.70,302.40,296.30,299.10,3338200,276.1032
2013-06-06,297.00,297.00,293.25,295.30,3436200,272.5953
2013-06-07,294.00,298.40,291.25,292.05,2755500,269.5952
2013-06-10,292.50,295.90,288.60,290.60,2640800,268.2567
2013-06-11,288.00,289.45,277.75,281.20,4914100,259.5795
2013-06-12,280.15,281.25,272.80,273.75,5247300,252.7023
2013-06-13,271.00,279.70,264.50,266.15,6212600,245.6866
2013-06-14,269.40,276.45,269.05,274.15,4015900,253.0715
2013-06-17,275.05,277.90,269.30,277.05,3426700,255.7485
2013-06-18,275.75,288.30,273.70,285.10,5669100,263.1796
2013-06-19,285.10,293.60,282.95,291.10,7120100,268.7183
2013-06-20,285.80,285.85,270.80,272.55,7302900,251.5945
2013-06-21,272.40,276.45,265.55,272.05,5561400,251.133
2013-06-24,270.20,275.40,265.60,266.65,5435600,246.1482
2013-06-25,266.50,270.35,262.30,266.45,5200900,245.9635
2013-06-26,269.00,269.50,262.60,264.60,4283000,244.2558
2013-06-27,269.00,269.75,261.35,264.15,4931700,243.8404
2013-06-28,267.00,274.10,267.00,273.75,6138100,252.7023
2013-07-01,272.10,282.70,272.10,280.70,4388100,259.1179
2013-07-02,281.70,286.30,280.00,281.95,4176800,260.2718
2013-07-03,279.10,279.20,268.55,269.55,3954800,248.8252
2013-07-04,273.00,273.40,263.40,264.80,4596300,244.4404
2013-07-05,268.50,269.85,263.60,264.70,3369600,244.3481
2013-07-08,262.90,262.90,258.00,259.90,3904600,239.9171
2013-07-09,262.60,264.10,260.15,261.65,3390500,241.5326
2013-07-10,263.00,263.05,255.25,256.20,4915300,236.5016
2013-07-11,262.00,265.35,259.10,261.05,5420100,240.9787
2013-07-12,261.50,264.00,258.50,262.65,3713200,242.4557
2013-07-15,254.50,259.50,251.90,257.45,5057100,245.1216
2013-07-16,253.40,256.10,250.70,251.60,3191100,239.5518
2013-07-17,251.60,253.45,242.20,243.20,4426600,231.554
2013-07-18,243.35,245.60,239.65,244.70,3754100,232.9822
2013-07-19,244.55,248.20,240.00,241.00,4484000,229.4594
2013-07-22,240.95,241.00,233.15,233.80,4682800,222.6041
2013-07-23,239.95,239.95,233.10,234.60,4285900,223.3658
2013-07-24,233.70,235.95,228.60,229.60,4019800,218.6053
2013-07-25,227.80,230.45,222.00,222.85,5074900,212.1785
2013-07-26,223.50,226.45,216.65,218.90,3588500,208.4176
2013-07-29,218.20,224.25,214.20,215.40,6006300,205.0852
2013-07-30,215.40,217.30,207.50,209.40,4186300,199.3726
2013-07-31,208.10,217.70,202.35,215.70,6266500,205.3709
2013-08-01,217.25,219.60,207.15,210.15,4609400,200.0866
2013-08-02,210.35,212.20,201.20,202.35,4531500,192.6602
2013-08-05,202.35,209.40,198.20,207.90,4592600,197.9444
2013-08-06,206.00,206.00,196.80,198.25,5125700,188.7565
2013-08-07,197.50,208.90,195.30,207.95,5626100,197.992
2013-08-08,208.05,221.05,206.75,218.80,6957100,208.3224
2013-08-09,218.80,218.80,218.80,218.80,000,208.3224
2013-08-12,220.80,239.45,220.65,236.55,12247700,225.2225
2013-08-13,233.90,243.50,231.65,241.40,9408400,229.8402
2013-08-14,263.00,263.00,246.20,250.10,19962900,238.1236
2013-08-15,250.10,250.10,250.10,250.10,000,238.1236
2013-08-16,249.00,249.30,231.70,235.35,8092000,224.0799
2013-08-19,230.00,248.95,223.65,246.85,13399300,235.0292
2013-08-20,243.75,258.80,239.70,257.00,10818000,244.6932
2013-08-21,260.00,262.90,244.25,248.15,11775900,236.267
2013-08-22,248.00,275.90,245.60,274.10,15196400,260.9743
2013-08-23,275.85,284.00,270.10,282.30,14585100,268.7816
2013-08-26,284.05,285.40,273.60,277.15,10347700,263.8783
2013-08-27,275.00,279.75,271.10,272.30,7055000,259.2605
2013-08-28,269.90,283.25,265.10,279.00,9746200,265.6397
2013-08-29,282.45,284.50,276.00,278.35,8201100,265.0208
2013-08-30,280.00,289.60,270.00,274.00,12193600,260.8791
2013-09-02,275.05,291.00,274.50,289.40,8530100,275.5416
2013-09-03,292.80,295.35,279.60,281.30,10525100,267.8295
2013-09-04,282.45,291.75,279.45,289.90,6261000,276.0177
2013-09-05,294.85,296.35,285.00,288.65,6472800,274.8276
2013-09-06,290.20,294.90,283.50,292.15,6032900,278.16
2013-09-09,292.15,292.15,292.15,292.15,000,278.16
2013-09-10,296.30,302.00,293.35,300.60,6153500,286.2053
2013-09-11,302.00,318.80,298.50,315.70,9079600,300.5822
2013-09-12,313.90,317.50,301.35,302.75,6633400,288.2524
2013-09-13,302.60,305.80,296.40,298.30,7290400,284.0154
2013-09-16,304.50,306.85,289.45,291.60,5553600,277.6363
2013-09-17,290.10,292.45,284.90,288.20,7358300,274.3991
2013-09-18,289.90,291.85,285.60,290.20,3446500,276.3034
2013-09-19,300.10,313.50,298.00,310.60,7430400,295.7265
2013-09-20,310.00,310.30,295.10,300.00,8233800,285.6341
2013-09-23,297.90,303.80,290.80,293.50,4487100,279.4453
2013-09-24,291.50,297.20,290.10,292.55,3992400,278.5408
2013-09-25,294.00,295.20,286.25,291.10,3746600,277.1602
2013-09-26,290.75,301.50,290.15,299.90,6551500,285.5388
2013-09-27,299.90,303.00,286.00,287.40,5317000,273.6374
2013-09-30,284.40,284.40,266.15,271.55,10382200,258.5464
2013-10-01,274.25,278.50,268.85,275.75,6134600,262.5453
2013-10-02,275.75,275.75,275.75,275.75,000,262.5453
2013-10-03,276.45,289.45,276.45,285.85,6538800,272.1617
2013-10-04,283.95,294.20,282.15,288.45,6346600,274.6372
2013-10-07,288.00,301.80,286.40,300.40,7197300,286.0149
2013-10-08,304.35,305.65,295.65,296.80,5332700,282.5873
2013-10-09,292.00,304.95,292.00,303.25,5603200,288.7284
2013-10-10,305.70,311.00,305.00,308.60,5944600,293.8222
2013-10-11,311.70,313.25,304.00,307.90,4894400,293.1557
2013-10-14,308.00,309.00,300.70,301.60,3919100,287.1574
2013-10-15,303.00,313.25,300.75,310.50,7864800,295.6312
2013-10-16,310.50,310.50,310.50,310.50,000,295.6312
2013-10-17,311.00,316.45,308.85,310.10,6141000,295.2504
2013-10-18,312.80,330.00,310.80,328.90,13131400,313.1501
2013-10-21,329.00,338.50,329.00,336.10,7183700,320.0054
2013-10-22,337.00,343.40,334.50,339.95,5827400,323.671
2013-10-23,340.70,343.90,331.10,335.20,6709500,319.1485
2013-10-24,333.00,340.90,329.70,332.15,4996200,316.2445
2013-10-25,330.15,330.80,321.10,321.85,5506600,306.4377
2013-10-28,325.00,327.40,311.35,312.30,6896600,297.345
2013-10-29,311.00,327.25,308.70,325.85,7791900,310.2462
2013-10-30,328.00,329.90,321.15,326.60,4944800,310.9603
2013-10-31,325.60,338.30,324.15,334.90,6259000,318.8628
2013-11-01,335.00,341.80,332.55,336.15,4538700,320.053
2013-11-04,336.15,336.15,336.15,336.15,000,320.053
2013-11-05,339.40,344.85,331.65,338.95,4456600,322.7189
2013-11-06,340.30,341.70,332.40,333.30,4337000,317.3394
2013-11-07,332.25,349.90,332.25,345.80,9786700,329.2408
2013-11-08,345.90,356.85,345.55,355.75,7856200,338.7144
2013-11-11,355.80,365.55,352.25,360.80,7566800,343.5225
2013-11-12,362.00,363.50,350.10,352.45,7567800,335.5724
2013-11-13,350.30,363.90,350.30,357.75,8165000,340.6186
2013-11-14,368.00,376.85,359.10,375.35,16785900,357.3758
2013-11-15,375.35,375.35,375.35,375.35,000,357.3758
2013-11-18,379.00,387.95,378.35,386.80,7386200,368.2775
2013-11-19,388.10,391.55,380.20,383.25,9549300,364.8975
2013-11-20,382.80,388.85,379.40,385.00,7232900,366.5637
2013-11-21,382.95,384.90,377.00,382.60,6331800,364.2786
2013-11-22,383.90,395.50,383.60,392.45,7614900,373.657
2013-11-25,394.10,399.00,393.35,397.95,4762300,378.8936
2013-11-26,396.20,397.95,389.50,391.75,4901600,372.9905
2013-11-27,392.00,395.95,387.85,394.75,4104000,375.8468
2013-11-28,395.90,403.70,395.50,400.90,4635300,381.7023
2013-11-29,402.00,405.40,398.60,400.60,3549700,381.4167
2013-12-02,400.10,409.90,396.00,408.30,5921300,388.7479
2013-12-03,407.00,411.70,405.10,409.80,5769000,390.1761
2013-12-04,409.00,415.70,408.00,413.95,4210800,394.1274
2013-12-05,419.15,422.30,416.30,421.40,5566800,401.2206
2013-12-06,421.00,424.00,418.00,422.70,4156100,402.4584
2013-12-09,430.00,431.95,419.95,420.95,5017500,400.7922
2013-12-10,420.00,424.90,417.55,423.30,4767100,403.0296
2013-12-11,421.95,424.85,416.00,418.25,6704400,398.2215
2013-12-12,414.90,417.25,411.50,412.75,5857700,392.9849
2013-12-13,409.90,416.65,409.10,415.15,6141200,395.2699
2013-12-16,415.15,420.20,407.25,408.90,4647900,389.3192
2013-12-17,409.35,413.15,406.00,408.70,3512400,389.1288
2013-12-18,408.80,416.45,407.85,414.90,3016100,395.0319
2013-12-19,418.00,419.20,409.20,410.80,3505900,391.1282
2013-12-20,410.80,418.85,410.35,417.95,2703900,397.9359
2013-12-23,418.00,426.80,417.20,423.15,2704700,402.8868
2013-12-24,424.00,425.35,416.65,418.40,2308900,398.3643
2013-12-25,418.40,418.40,418.40,418.40,000,398.3643
2013-12-26,418.10,427.00,416.30,425.35,4003700,404.9815
2013-12-27,425.35,428.10,423.00,425.05,2475500,404.6958
2013-12-30,425.00,428.60,421.90,425.55,2124000,405.1719
2013-12-31,426.45,426.80,422.55,424.20,1210800,403.8866
2014-01-01,425.00,426.80,423.65,425.90,1193400,405.5051
2014-01-02,426.00,435.50,417.00,419.20,4000200,399.126
2014-01-03,416.50,419.40,409.00,412.50,3183700,392.7468
2014-01-06,410.95,415.70,404.60,408.30,2704600,388.7479
2014-01-07,409.90,411.90,392.55,394.70,3900400,375.7992
2014-01-08,394.65,397.25,389.60,392.40,4541000,373.6093
2014-01-09,394.35,399.30,387.60,390.80,3988200,372.0859
2014-01-10,392.80,393.20,383.50,384.50,3265600,366.0876
2014-01-13,385.25,389.20,381.75,385.95,2748200,367.4682
2014-01-14,385.00,389.00,373.30,374.35,3645700,356.4237
2014-01-15,376.00,380.00,372.60,375.00,3307900,357.0426
2014-01-16,376.50,384.50,375.85,381.10,3644100,362.8505
2014-01-17,381.00,385.70,375.15,377.65,3436300,359.5657
2014-01-20,377.50,379.25,370.10,374.55,3285100,356.6141
2014-01-21,376.00,386.00,376.00,383.60,4092500,365.2307
2014-01-22,384.30,394.00,384.30,393.25,4633100,374.4186
2014-01-23,392.85,393.00,387.10,389.25,2497000,370.6102
2014-01-24,385.10,386.00,374.45,376.00,2981300,357.9947
2014-01-27,369.40,369.65,352.00,353.55,4413200,336.6197
2014-01-28,354.00,368.90,352.50,366.65,4850500,349.0924
2014-01-29,368.50,369.35,356.25,358.00,4538900,340.8566
2014-01-30,353.00,354.00,341.20,346.55,5617800,329.9549
2014-01-31,348.40,357.90,347.55,356.05,5196500,339.00
2014-02-03,354.90,354.90,342.05,343.10,3559000,326.6702
2014-02-04,338.05,346.85,336.05,342.95,7271500,326.5273
2014-02-05,344.85,360.90,344.05,359.40,4757600,342.1896
2014-02-06,361.90,367.20,356.25,361.25,6470700,343.951
2014-02-07,362.60,387.00,362.60,384.45,11721000,366.0401
2014-02-10,386.90,393.20,380.55,382.50,6243600,364.1834
2014-02-11,387.00,393.00,385.30,389.75,4273500,371.0862
2014-02-12,385.55,386.90,372.75,374.35,9379500,356.4237
2014-02-13,376.00,378.80,365.20,367.45,5852800,349.8541
2014-02-14,368.90,372.40,359.45,370.80,6037400,353.0437
2014-02-17,371.45,375.40,366.50,374.05,3431300,356.138
2014-02-18,373.95,381.90,372.10,379.65,3606400,361.4699
2014-02-19,379.85,379.90,371.15,373.85,3167100,355.9476
2014-02-20,369.15,369.80,364.00,366.75,4279300,349.1876
2014-02-21,366.75,375.75,366.75,374.40,3182300,356.4713
2014-02-24,373.80,373.80,366.30,369.20,3273700,351.5203
2014-02-25,369.60,372.05,359.60,360.55,4386400,343.2845
2014-02-26,361.05,362.85,348.40,349.30,10093000,332.5732
2014-02-27,349.30,349.30,349.30,349.30,000,332.5732
2014-02-28,351.00,354.60,340.70,343.80,9894200,327.3366
2014-03-03,344.00,349.50,340.70,345.30,5695000,328.7648
2014-03-04,346.50,352.50,345.35,351.75,5705400,334.9059
2014-03-05,354.80,359.80,351.75,355.95,6641800,338.9048
2014-03-06,358.00,365.40,356.00,364.20,5700800,346.7598
2014-03-07,368.20,373.40,364.55,371.10,6317600,353.3293
2014-03-10,368.25,370.80,362.45,364.15,4958200,346.7121
2014-03-11,364.15,364.40,342.35,343.75,9147600,327.289
2014-03-12,341.00,348.65,337.35,339.60,8736800,323.3378
2014-03-13,342.00,347.90,334.25,336.85,5569400,320.7194
2014-03-14,334.00,342.80,332.00,341.70,6159800,325.3372
2014-03-17,341.70,341.70,341.70,341.70,000,325.3372
2014-03-18,346.00,348.00,339.10,340.70,4153800,324.3851
2014-03-19,343.40,359.35,340.20,356.60,9574000,339.5237
2014-03-20,357.20,359.85,347.65,349.95,5069900,333.1921
2014-03-21,351.20,365.00,351.20,362.85,8153400,345.4744
2014-03-24,364.80,367.00,356.15,363.10,5581000,345.7124
2014-03-25,362.20,371.65,361.55,367.10,5278900,349.5209
2014-03-26,371.40,376.00,370.30,374.80,5587000,356.8521
2014-03-27,375.00,379.45,373.25,375.40,5741300,357.4234
2014-03-28,378.80,383.75,376.00,381.50,3758200,363.2313
2014-03-31,384.65,396.35,383.00,393.95,7039600,375.0851
2014-04-01,396.00,403.35,386.50,401.15,8370800,381.9403
2014-04-02,402.45,405.00,399.05,403.45,5362900,384.1302
2014-04-03,403.40,412.00,393.75,397.65,7048400,378.6079
2014-04-04,399.90,404.70,395.40,402.00,4587200,382.7496
2014-04-07,402.55,407.50,398.20,406.65,3693000,387.177
2014-04-08,406.65,406.65,406.65,406.65,000,387.177
2014-04-09,410.00,419.75,408.00,418.75,4995200,398.6975
2014-04-10,418.90,424.80,411.20,417.80,5896500,397.793
2014-04-11,415.50,423.50,411.00,419.85,5246800,399.7449
2014-04-14,419.85,419.85,419.85,419.85,000,399.7449
2014-04-15,419.55,424.50,407.70,409.15,4660400,389.5572
2014-04-16,410.50,416.75,404.75,413.70,4076300,393.8894
2014-04-17,412.05,419.90,411.30,418.90,3281200,398.8403
2014-04-18,418.90,418.90,418.90,418.90,000,398.8403
2014-04-21,419.50,425.50,417.55,423.50,3785000,403.2201
2014-04-22,423.90,423.90,418.10,420.85,3267100,400.697
2014-04-23,421.00,429.30,420.20,426.55,5084200,406.124
2014-04-24,426.55,426.55,426.55,426.55,000,406.124
2014-04-25,426.55,432.90,422.35,426.90,4791000,406.4573
2014-04-28,425.00,431.90,424.10,425.80,3360000,405.4099
2014-04-29,425.00,426.25,404.00,405.50,6860400,386.082
2014-04-30,407.00,407.50,393.25,400.65,7104400,381.4643
2014-05-01,400.65,400.65,400.65,400.65,000,381.4643
2014-05-02,403.00,406.60,388.10,390.05,5856300,371.3719
2014-05-05,390.40,403.80,388.85,397.55,5244200,378.5127
2014-05-06,399.40,404.50,398.65,401.75,3685900,382.5116
2014-05-07,401.15,403.45,396.15,399.90,2632700,380.7502
2014-05-08,401.20,406.25,398.40,402.00,3302100,382.7496
2014-05-09,400.00,420.75,399.10,416.70,6479700,396.7457
2014-05-12,416.95,426.90,416.10,420.05,5247500,399.9353
2014-05-13,424.15,441.50,421.25,427.10,8928300,406.6477
2014-05-14,429.95,454.70,429.90,452.35,10859700,430.6886
2014-05-15,456.90,468.00,450.75,460.60,14271600,438.5435
2014-05-16,473.00,485.85,427.20,440.90,19519100,419.7868
2014-05-19,445.00,460.25,435.60,450.75,10968700,429.1652
2014-05-20,453.50,474.35,453.50,467.15,9099200,444.7798
2014-05-21,467.95,470.35,457.20,462.55,5486700,440.4001
2014-05-22,465.00,477.80,464.95,470.90,5816300,448.3502
2014-05-23,472.00,483.00,469.35,478.20,5694300,455.3007
2014-05-26,482.10,495.00,452.60,467.65,7759600,445.2559
2014-05-27,466.35,478.95,461.55,477.60,4750500,454.7294
2014-05-28,480.20,483.50,467.00,469.25,3815400,446.7793
2014-05-29,471.00,474.50,463.40,465.95,4274200,443.6373
2014-05-30,467.00,477.00,463.00,475.10,5197100,452.3491
2014-06-02,475.80,495.60,471.45,492.90,5557000,469.2967
2014-06-03,497.50,528.35,496.00,526.80,12511700,501.5734
2014-06-04,527.25,543.40,525.10,537.40,10741500,511.6658
2014-06-05,539.80,560.75,538.05,556.95,9141800,530.2796
2014-06-06,564.50,568.75,552.30,560.65,7566500,533.8025
2014-06-09,565.00,579.90,560.00,575.25,5898500,547.7033
2014-06-10,575.00,575.00,552.45,558.70,5590600,531.9458
2014-06-11,559.90,565.80,545.10,549.45,5170600,523.1388
2014-06-12,549.00,557.95,543.60,549.65,3718700,523.3292
2014-06-13,548.55,553.25,523.95,525.55,4332900,500.3832
2014-06-16,524.70,529.30,512.00,524.60,6975000,499.4787
2014-06-17,525.00,534.20,513.00,532.30,6667700,506.81
2014-06-18,536.10,539.85,518.00,521.90,5615300,496.9081
2014-06-19,525.00,526.40,515.00,519.45,4081800,494.5754
2014-06-20,519.00,534.50,517.80,519.90,5468000,495.0038
2014-06-23,520.90,528.60,520.50,526.90,3404000,501.6686
2014-06-24,527.50,535.90,527.45,532.30,3021700,506.81
2014-06-25,533.10,538.00,530.10,530.95,2299700,505.5247
2014-06-26,532.00,536.50,523.80,525.80,3283900,500.6213
2014-06-27,528.70,531.00,517.00,518.90,3205100,494.0517
2014-06-30,521.40,530.60,519.75,528.40,3769900,503.0968
2014-07-01,530.00,545.30,530.00,540.65,5312600,514.7602
2014-07-02,547.00,549.90,542.50,543.50,3252700,517.4737
2014-07-03,547.20,549.50,537.25,539.05,3397600,513.2368
2014-07-04,545.00,545.00,531.20,536.60,3637700,510.9041
2014-07-07,537.10,542.90,533.60,536.05,2544100,510.3804
2014-07-08,538.00,539.70,510.00,513.55,3622100,488.9579
2014-07-09,516.00,526.75,511.15,518.35,5187700,493.528
2014-07-10,520.00,537.85,510.05,521.40,6831300,496.432
2014-07-11,520.00,524.25,499.25,501.90,6094400,477.8658
2014-07-14,496.80,517.40,492.25,513.40,7659500,498.7524
2014-07-15,518.80,530.00,514.40,527.15,4448800,512.1101
2014-07-16,531.50,546.00,525.50,542.70,4408600,527.2164
2014-07-17,543.00,560.00,540.25,558.80,7026500,542.8571
2014-07-18,556.00,568.50,549.20,563.00,7295300,546.9372
2014-07-21,564.00,571.90,560.15,562.70,4389800,546.6458
2014-07-22,567.00,569.25,555.40,562.20,4024500,546.1601
2014-07-23,565.50,565.95,550.55,554.55,4219800,538.7283
2014-07-24,557.00,571.40,553.15,568.10,6388500,551.8917
2014-07-25,570.00,574.35,552.00,557.60,5900800,541.6913
2014-07-28,560.10,564.40,544.25,548.50,5045800,532.8509
2014-07-29,548.50,548.50,548.50,548.50,000,532.8509
2014-07-30,551.00,551.95,537.40,546.10,6195000,530.5194
2014-07-31,546.50,562.25,543.05,553.40,5681300,537.6112
2014-08-01,548.00,565.90,544.50,548.75,6545300,533.0938
2014-08-04,551.35,557.00,543.85,551.85,5526600,536.1053
2014-08-05,554.10,566.00,545.00,562.20,5498600,546.1601
2014-08-06,562.10,568.80,548.95,550.50,4482800,534.7939
2014-08-07,551.15,562.40,551.00,555.80,6452100,539.9426
2014-08-08,552.20,552.20,535.40,537.70,5641100,522.3591
2014-08-11,544.40,545.85,529.20,534.75,4825600,519.4932
2014-08-12,537.00,547.00,533.10,542.05,5830400,526.5849
2014-08-13,541.90,542.00,528.70,534.50,5206500,519.2504
2014-08-14,533.60,545.90,525.10,541.70,8553900,526.245
2014-08-15,541.70,541.70,541.70,541.70,000,526.245
2014-08-18,538.05,548.90,537.50,546.45,4670200,530.8594
2014-08-19,549.05,554.00,542.20,544.10,4449500,528.5764
2014-08-20,543.80,551.95,541.60,545.55,4452300,529.9851
2014-08-21,540.00,541.90,533.30,536.60,4381500,521.2904
2014-08-22,538.75,542.35,534.45,537.75,2916300,522.4076
2014-08-25,537.70,540.00,509.75,512.00,5682400,497.3923
2014-08-26,513.45,528.45,512.10,524.95,6832600,509.9728
2014-08-27,528.00,531.90,519.65,523.20,3090500,508.2728
2014-08-28,522.75,527.00,512.30,513.15,4260100,498.5095
2014-08-29,513.15,513.15,513.15,513.15,000,498.5095
2014-09-01,516.85,526.50,512.05,524.10,5345500,509.1471
2014-09-02,524.10,526.90,517.85,519.20,3684600,504.3869
2014-09-03,521.10,530.70,520.75,526.00,5405600,510.9929
2014-09-04,524.65,528.45,504.70,509.05,5587400,494.5265
2014-09-05,509.55,516.00,506.10,513.40,4391100,498.7524
2014-09-08,515.10,519.95,510.60,517.45,3783100,502.6868
2014-09-09,513.00,520.50,510.15,518.65,3177200,503.8526
2014-09-10,515.00,522.95,513.50,519.20,3836000,504.3869
2014-09-11,521.00,524.80,515.00,517.60,4257400,502.8325
2014-09-12,517.60,521.35,514.55,515.95,4400100,501.2296
2014-09-15,513.00,514.00,504.65,507.70,3898600,493.215
2014-09-16,507.75,508.80,486.55,490.15,5445700,476.1657
2014-09-17,493.00,501.00,485.65,498.40,5244400,484.1803
2014-09-18,496.10,509.50,496.10,505.45,4870400,491.0292
2014-09-19,509.20,512.90,505.15,511.00,4970700,496.4208
2014-09-22,505.00,506.30,498.35,500.90,3361500,486.609
2014-09-23,500.00,501.80,483.65,485.60,3985600,471.7455
2014-09-24,484.00,486.45,468.65,472.20,6981700,458.7278
2014-09-25,473.00,477.25,451.65,460.40,6148700,447.2645
2014-09-26,460.00,477.00,458.45,474.25,4005900,460.7193
2014-09-29,474.35,480.30,464.65,466.40,3122100,453.0933
2014-09-30,466.60,472.95,456.10,459.05,4552000,445.953
2014-10-01,455.50,457.40,445.50,448.80,4770300,435.9954
2014-10-02,448.80,448.80,448.80,448.80,000,435.9954
2014-10-03,448.80,448.80,448.80,448.80,000,435.9954
2014-10-06,448.80,448.80,448.80,448.80,000,435.9954
2014-10-07,446.75,453.00,438.10,440.15,7729800,427.5922
2014-10-08,437.50,457.80,435.60,456.15,6706100,443.1357
2014-10-09,460.10,469.45,457.15,467.55,4973900,454.2105
2014-10-10,459.95,460.00,446.15,448.05,4936100,435.2668
2014-10-13,443.80,459.80,440.15,457.75,3732700,444.6901
2014-10-14,458.10,462.00,440.85,456.05,5823600,443.0386
2014-10-15,456.05,456.05,456.05,456.05,000,443.0386
2014-10-16,460.80,467.60,436.00,439.10,8266400,426.5722
2014-10-17,443.60,453.90,436.55,447.55,6709200,434.7811
2014-10-20,455.05,457.35,446.35,450.15,4360600,437.3069
2014-10-21,454.00,462.20,452.25,455.70,5314200,442.6986
2014-10-22,461.00,462.85,454.30,457.15,4022100,444.1072
2014-10-23,461.05,461.05,458.05,459.10,663300,446.0016
2014-10-24,459.10,459.10,459.10,459.10,000,446.0016
2014-10-27,460.50,461.80,449.05,450.50,3738900,437.6469
2014-10-28,450.10,453.65,446.60,451.20,4005300,438.327
2014-10-29,454.10,472.90,453.75,471.70,6867600,458.2421
2014-10-30,472.00,477.45,468.40,474.50,4615500,460.9622
2014-10-31,478.00,493.50,474.60,490.00,5848300,476.02
2014-11-03,492.00,494.90,485.45,489.15,3754300,475.1942
2014-11-04,489.15,489.15,489.15,489.15,000,475.1942
2014-11-05,491.00,492.40,477.00,478.10,3431900,464.4595
2014-11-06,478.10,478.10,478.10,478.10,000,464.4595
2014-11-07,479.00,486.80,470.60,471.40,3873300,457.9506
2014-11-10,474.65,476.00,462.50,470.85,4461800,457.4163
2014-11-11,473.20,481.50,471.55,480.30,4572300,466.5967
2014-11-12,480.00,482.70,465.65,468.35,6348500,454.9877
2014-11-13,465.10,475.50,462.15,471.25,5923600,457.8049
2014-11-14,467.00,482.60,467.00,478.15,6889300,464.5081
2014-11-17,476.15,482.95,475.10,480.10,2378600,466.4024
2014-11-18,480.00,489.20,476.75,486.40,3986400,472.5227
2014-11-19,486.10,492.75,469.30,471.00,4475200,457.5621
2014-11-20,471.95,472.80,462.05,466.60,3871600,453.2876
2014-11-21,467.00,472.50,460.10,462.90,3989600,449.6932
2014-11-24,473.00,479.80,470.50,476.60,4342500,463.0023
2014-11-25,475.05,476.00,458.50,464.45,4366100,451.1989
2014-11-26,465.00,468.90,460.45,466.25,3539200,452.9476
2014-11-27,465.00,469.00,459.10,460.20,4178100,447.0702
2014-11-28,461.50,475.25,461.50,473.35,4827000,459.845
2014-12-01,475.00,475.00,459.15,461.15,3075100,447.9931
2014-12-02,461.00,467.45,460.20,465.20,3097100,451.9276
2014-12-03,467.40,469.65,462.00,463.75,2806900,450.5189
2014-12-04,464.15,467.45,456.70,461.85,3321500,448.6731
2014-12-05,463.50,468.70,459.50,461.15,3067600,447.9931
2014-12-08,464.00,466.00,450.45,451.85,3055800,438.9584
2014-12-09,451.40,451.40,435.05,436.30,4066900,423.8521
2014-12-10,432.40,443.00,427.60,432.50,4734200,420.1605
2014-12-11,431.00,435.00,416.95,418.75,5271600,406.8028
2014-12-12,420.00,422.90,400.05,402.70,6523200,391.2107
2014-12-15,399.00,408.35,396.00,400.95,4797600,389.5106
2014-12-16,397.00,402.80,387.00,389.65,5771800,378.533
2014-12-17,394.00,404.90,387.05,393.45,8016500,382.2246
2014-12-18,401.05,405.90,399.50,401.60,4410200,390.1421
2014-12-19,405.60,411.10,403.00,405.45,4630300,393.8823
2014-12-22,406.45,409.60,398.70,404.05,3254300,392.5222
2014-12-23,405.10,406.60,392.70,394.80,3784000,383.5361
2014-12-24,391.25,399.70,391.10,395.25,7351500,383.9733
2014-12-25,395.25,395.25,395.25,395.25,000,383.9733
2014-12-26,396.05,399.70,390.10,398.25,3020700,386.8877
2014-12-29,399.20,410.55,399.00,404.10,4077400,392.5708
2014-12-30,404.40,405.90,395.25,396.30,2899000,384.9933
2014-12-31,397.00,401.75,395.55,399.40,2252900,388.0048
2015-01-01,397.10,406.00,397.10,404.45,2531400,392.9108
2015-01-02,406.00,413.00,406.00,410.75,3433900,399.031
2015-01-05,413.00,421.45,413.00,416.70,5205600,404.8113
2015-01-06,414.00,414.00,394.35,396.50,6170600,385.1876
2015-01-07,397.80,397.80,383.60,388.90,4749000,377.8044
2015-01-08,394.00,396.70,390.60,394.95,3169900,383.6818
2015-01-09,402.00,404.90,395.10,399.65,5061000,388.2477
2015-01-12,399.50,399.50,393.00,396.75,2690900,385.4305
2015-01-13,397.00,398.85,390.20,391.50,3002700,380.3302
2015-01-14,391.45,391.45,375.50,376.85,7129500,366.0982
2015-01-15,378.80,388.70,372.10,384.75,7011300,373.7728
2015-01-16,382.00,385.50,376.30,383.40,4538500,372.4613
2015-01-19,384.60,386.90,380.55,384.75,2789800,373.7728
2015-01-20,385.60,403.60,385.60,402.00,6017800,390.5307
2015-01-21,405.00,406.00,393.50,397.10,3897700,385.7705
2015-01-22,398.00,404.70,396.00,403.40,4527700,391.8907
2015-01-23,410.00,412.00,399.00,403.10,4526500,391.5993
2015-01-26,403.10,403.10,403.10,403.10,000,391.5993
2015-01-27,402.80,404.00,395.50,398.40,3972300,387.0334
2015-01-28,397.00,397.00,388.90,391.15,3995400,379.9902
2015-01-29,390.30,392.40,383.70,390.40,5162900,379.2616
2015-01-30,392.50,395.00,386.50,390.45,3600800,379.3102
2015-02-02,389.90,394.80,382.20,383.85,3179000,372.8985
2015-02-03,387.00,387.45,378.10,381.10,3443600,370.227
2015-02-04,383.90,393.40,383.00,389.20,4420500,378.0959
2015-02-05,391.70,392.80,378.05,379.25,3102100,368.4297
2015-02-06,380.00,380.70,367.00,368.65,4519400,358.1322
2015-02-09,357.00,361.50,346.20,347.45,7535700,337.537
2015-02-10,345.00,360.00,345.00,357.75,5281200,347.5432
2015-02-11,360.00,368.70,353.00,365.00,3956600,354.5863
2015-02-12,366.20,367.40,356.00,365.30,3415600,354.8777
2015-02-13,368.70,371.80,365.25,366.55,3736400,356.0921
2015-02-16,368.75,374.45,368.35,369.80,2991300,359.2494
2015-02-17,369.80,369.80,369.80,369.80,000,359.2494
2015-02-18,371.95,371.95,364.70,367.50,3232600,357.015
2015-02-19,368.00,379.80,368.00,375.25,7752600,364.5439
2015-02-20,378.00,381.85,373.00,374.70,3442400,364.0096
2015-02-23,376.50,376.90,365.00,367.35,3085100,356.8693
2015-02-24,368.10,370.00,357.20,359.10,3288100,348.8546
2015-02-25,362.80,364.80,350.10,350.90,3932300,340.8886
2015-02-26,352.30,354.90,344.25,345.20,8064300,335.3512
2015-02-27,347.45,354.70,345.80,350.65,5014600,340.6457
2015-03-02,357.40,359.20,349.00,352.55,4380300,342.4915
2015-03-03,353.00,357.85,349.50,353.15,5121100,343.0744
2015-03-04,356.00,357.15,345.60,348.15,4673300,338.217
2015-03-05,348.50,349.20,341.25,343.25,4770100,333.4569
2015-03-06,343.25,343.25,343.25,343.25,000,333.4569
2015-03-09,343.25,343.70,335.00,336.30,4368700,326.7051
2015-03-10,338.15,339.00,330.05,331.60,4091800,322.1392
2015-03-11,333.00,335.00,324.25,325.30,4682200,316.019
2015-03-12,327.70,336.40,327.45,333.20,4324500,323.6936
2015-03-13,336.00,336.45,325.00,326.50,3279600,317.1847
2015-03-16,328.85,328.85,323.10,326.20,2777100,316.8933
2015-03-17,330.00,336.45,327.10,332.55,4329000,323.0621
2015-03-18,335.70,335.70,329.35,331.75,3099600,322.285
2015-03-19,334.25,344.80,333.65,336.60,6148700,326.9966
2015-03-20,336.60,341.40,327.00,328.70,5776100,319.322
2015-03-23,330.45,335.00,328.60,331.40,3580300,321.9449
2015-03-24,330.10,333.90,324.25,327.15,4453700,317.8162
2015-03-25,328.00,328.95,322.00,323.15,3544700,313.9303
2015-03-26,323.00,324.95,314.00,315.60,6516900,306.5957
2015-03-27,317.40,319.35,311.20,315.10,4019200,306.11
2015-03-30,318.00,324.90,315.15,322.40,2990500,313.2017
2015-03-31,326.30,326.40,315.20,316.75,3934800,307.7129
2015-04-01,317.00,324.90,316.00,323.65,3086000,314.416
2015-04-02,323.65,323.65,323.65,323.65,000,314.416
2015-04-03,323.65,323.65,323.65,323.65,000,314.416
2015-04-06,324.40,325.60,316.60,318.10,3669600,309.0244
2015-04-07,320.30,335.20,317.00,333.50,7293700,323.985
2015-04-08,336.10,338.90,328.60,336.10,6284700,326.5109
2015-04-09,337.50,347.40,337.00,346.05,6151500,336.177
2015-04-10,345.70,349.00,341.25,342.70,4816200,332.9226
2015-04-13,344.25,348.25,341.10,345.20,3442800,335.3512
2015-04-14,345.20,345.20,345.20,345.20,000,335.3512
2015-04-15,345.00,345.20,336.20,337.65,3199900,328.0166
2015-04-16,338.40,343.35,333.55,337.70,3770700,328.0652
2015-04-17,336.75,352.20,335.15,346.00,6980700,336.1284
2015-04-20,348.50,354.30,339.15,344.45,6266900,334.6226
2015-04-21,346.50,352.00,343.55,348.25,4995000,338.3142
2015-04-22,349.95,354.50,341.25,351.35,4784300,341.3258
2015-04-23,355.00,370.95,354.30,369.45,12192200,358.9094
2015-04-24,371.80,374.80,362.60,370.50,8458600,359.9294
2015-04-27,369.10,372.80,361.50,368.90,4996500,358.375
2015-04-28,370.00,374.05,366.10,371.25,4159900,360.658
2015-04-29,371.90,379.30,368.00,369.95,5452300,359.3951
2015-04-30,368.00,368.90,359.10,360.35,6180100,350.069
2015-05-01,360.35,360.35,360.35,360.35,000,350.069
2015-05-04,361.55,366.80,357.20,361.65,3268400,351.3319
2015-05-05,364.40,381.00,362.85,380.10,7665100,369.2555
2015-05-06,381.00,384.50,366.00,367.65,5998900,357.1607
2015-05-07,365.85,370.65,360.50,367.30,4140800,356.8207
2015-05-08,370.10,375.00,364.10,366.70,3452900,356.2378
2015-05-11,372.10,381.40,370.50,377.10,4477600,366.3411
2015-05-12,375.35,376.00,352.55,353.60,5474600,343.5116
2015-05-13,356.25,361.50,351.65,359.50,5396000,349.2432
2015-05-14,360.00,367.80,357.35,366.40,3754000,355.9464
2015-05-15,360.00,365.90,355.10,364.10,5169300,353.712
2015-05-18,365.00,367.00,361.00,364.15,2393500,353.7606
2015-05-19,364.00,369.95,362.20,368.35,2939600,357.8407
2015-05-20,367.40,367.40,355.55,361.30,6440400,350.9919
2015-05-21,350.00,351.00,341.15,342.25,10255400,332.4854
2015-05-22,343.00,347.55,340.45,341.30,3923100,331.5625
2015-05-25,339.45,339.85,331.00,332.00,3894400,322.5278
2015-05-26,336.50,336.50,329.30,332.85,2899100,323.3536
2015-05-27,332.85,334.25,327.10,328.15,2890000,318.7877
2015-05-28,329.80,330.90,322.15,324.70,4644000,315.4361
2015-05-29,325.00,332.15,325.00,328.50,3721500,319.1277
2015-06-01,329.95,333.10,327.35,329.65,1977900,320.2449
2015-06-02,330.00,330.90,320.45,321.75,2315000,312.5703
2015-06-03,322.05,322.95,314.20,316.25,2934000,307.2272
2015-06-04,317.15,318.75,304.55,308.05,4750100,299.2611
2015-06-05,309.00,317.20,302.25,311.10,5026300,302.2241
2015-06-08,312.00,314.95,301.50,302.25,3771300,293.6266
2015-06-09,296.00,307.35,293.00,304.75,6943700,296.0553
2015-06-10,305.00,307.80,301.70,306.00,2920800,297.2696
2015-06-11,306.10,306.90,297.20,298.70,3989200,290.1779
2015-06-12,298.00,300.90,294.15,297.55,2718400,289.0607
2015-06-15,298.00,302.75,296.05,297.00,2694900,288.5264
2015-06-16,296.80,297.50,291.00,294.45,3068400,286.0492
2015-06-17,303.70,310.95,298.25,305.05,8323400,296.3467
2015-06-18,304.30,306.50,300.90,303.70,3879700,295.0353
2015-06-19,305.45,309.75,304.10,304.95,3289500,296.2496
2015-06-22,309.00,312.80,307.00,310.65,3567400,301.7869
2015-06-23,311.10,316.70,310.80,313.05,3013100,304.1185
2015-06-24,314.00,314.40,302.90,304.55,2831800,295.861
2015-06-25,303.80,304.80,301.20,302.70,4608300,294.0638
2015-06-26,302.50,303.10,297.00,298.65,3380600,290.1293
2015-06-29,294.00,297.75,287.40,296.30,3531500,287.8464
2015-06-30,296.30,306.50,295.25,304.60,3062300,295.9096
2015-07-01,305.00,309.00,303.40,306.95,3143800,298.1925
2015-07-02,307.25,310.45,303.20,304.35,3840100,295.6667
2015-07-03,306.35,307.90,299.55,301.20,2742500,292.6066
2015-07-06,295.00,299.75,292.00,299.00,3708100,290.4693
2015-07-07,301.70,303.05,296.10,298.20,3298700,289.6922
2015-07-08,294.00,294.00,281.80,283.15,8141900,275.0715
2015-07-09,283.50,287.40,279.60,280.50,6214700,272.4972
2015-07-10,282.90,284.50,278.75,280.90,4021300,272.8857
2015-07-13,283.50,285.70,279.00,284.45,3436800,276.3345
2015-07-14,284.75,286.70,280.50,281.15,3430700,273.1286
2015-07-15,282.70,284.80,279.10,280.40,3679700,272.40
2015-07-16,285.10,286.50,280.10,280.80,6313300,272.7886
2015-07-17,282.00,286.35,280.00,284.05,6449900,275.9459
2015-07-20,285.00,287.70,283.00,283.55,3733700,275.4601
2015-07-21,284.10,284.10,273.85,274.70,5095100,266.8626
2015-07-22,271.25,281.00,268.70,280.40,5910800,272.40
2015-07-23,274.00,274.45,269.30,269.90,6961200,269.90
2015-07-24,269.70,271.65,264.20,265.05,3810200,265.05
2015-07-27,263.00,263.20,250.05,250.75,7648400,250.75
2015-07-28,251.00,252.45,246.40,249.25,5538500,249.25
2015-07-29,251.00,254.65,249.40,250.55,4003400,250.55
2015-07-30,252.90,253.00,247.55,248.15,5169000,248.15
2015-07-31,250.00,252.70,245.00,246.90,8848100,246.90
2015-08-03,246.90,250.80,245.30,247.95,3556200,247.95
2015-08-04,249.70,259.75,246.05,256.30,9723300,256.30
2015-08-05,260.00,268.50,259.95,262.30,7979000,262.30
2015-08-06,262.35,265.40,256.25,261.00,6376700,261.00
2015-08-07,261.00,264.55,260.15,262.05,3791600,262.05
2015-08-10,262.90,265.00,260.00,261.15,3401100,261.15
2015-08-11,259.95,260.00,245.70,246.80,8827200,246.80
2015-08-12,254.40,257.90,246.10,249.05,15172600,249.05
2015-08-13,253.35,253.90,232.30,233.60,13764500,233.60
2015-08-14,234.25,239.20,229.00,237.60,9065300,237.60
2015-08-17,238.50,248.50,234.20,246.75,8524400,246.75
2015-08-18,248.10,254.90,246.60,252.35,9805000,252.35
2015-08-19,250.10,253.35,246.75,249.80,4304000,249.80
2015-08-20,247.70,248.40,240.50,241.55,4626300,241.55
2015-08-21,238.50,238.50,231.50,237.25,5247000,237.25
2015-08-24,229.30,229.30,202.65,206.10,11711400,206.10
2015-08-25,210.00,217.90,200.10,213.45,14206900,213.45
2015-08-26,213.00,219.70,208.95,215.65,8336600,215.65
2015-08-27,220.00,229.80,215.10,226.40,14227100,226.40
2015-08-28,232.60,234.60,223.20,228.95,9387200,228.95
2015-08-31,225.30,228.70,223.65,225.40,5782300,225.40
2015-09-01,222.00,226.25,213.05,216.30,6475200,216.30
2015-09-02,218.90,225.90,210.30,219.50,8909700,219.50
2015-09-03,223.40,232.70,222.10,229.75,7083000,229.75
2015-09-04,228.90,228.90,217.00,218.90,7229800,218.90
2015-09-07,221.25,224.00,215.15,215.85,4933800,215.85
2015-09-08,218.60,233.00,217.30,228.75,8236900,228.75
2015-09-09,236.00,241.80,232.35,239.50,8824000,239.50
2015-09-10,236.35,243.00,231.60,240.20,7252300,240.20
2015-09-11,243.35,243.50,230.90,232.95,5909500,232.95
2015-09-14,234.00,243.25,234.00,241.80,7159100,241.80
2015-09-15,241.75,243.85,228.50,229.15,9148200,229.15
2015-09-16,232.00,233.35,227.10,230.50,7191600,230.50
2015-09-17,230.50,230.50,230.50,230.50,000,230.50
2015-09-18,234.00,235.40,227.40,228.10,7629700,228.10
2015-09-21,226.30,229.30,223.10,226.45,5374400,226.45
2015-09-22,228.00,228.90,219.20,220.10,5098400,220.10
2015-09-23,214.40,224.05,214.00,221.00,7194500,221.00
2015-09-24,220.00,220.75,214.30,215.15,5634400,215.15
2015-09-25,215.15,215.15,215.15,215.15,000,215.15
2015-09-28,217.70,218.45,208.50,209.25,5730600,209.25
2015-09-29,205.00,206.70,199.70,201.40,12085600,201.40
2015-09-30,206.90,214.40,205.50,212.60,9291800,212.60
2015-10-01,215.00,215.50,210.25,212.25,4872900,212.25
2015-10-02,212.25,212.25,212.25,212.25,000,212.25
2015-10-05,214.90,225.80,214.20,225.00,8121300,225.00
2015-10-06,227.70,229.00,223.15,227.50,7359800,227.50
2015-10-07,225.00,237.70,223.60,236.80,9838500,236.80
2015-10-08,237.90,242.70,236.20,240.80,8915500,240.80
2015-10-09,242.40,253.00,242.20,251.10,10520000,251.10
2015-10-12,255.10,261.95,249.80,250.85,10570000,250.85
2015-10-13,248.00,248.65,243.25,245.00,5821200,245.00
2015-10-14,244.00,253.00,243.55,248.35,6290100,248.35
2015-10-15,249.15,257.20,248.05,255.25,7008000,255.25
2015-10-16,255.90,256.70,248.40,252.90,5326500,252.90
2015-10-19,253.10,254.10,246.75,248.40,4478300,248.40
2015-10-20,247.05,248.90,240.00,240.80,5248500,240.80
2015-10-21,241.70,246.45,238.25,244.40,8042200,244.40
2015-10-22,244.40,244.40,244.40,244.40,000,244.40
2015-10-23,247.40,251.60,244.15,246.00,5005800,246.00
2015-10-26,247.35,251.55,246.25,249.65,4188000,249.65
2015-10-27,248.85,250.30,244.05,245.95,3403600,245.95
2015-10-28,244.50,248.50,244.00,247.15,3436900,247.15
2015-10-29,246.30,251.45,244.70,247.60,4589000,247.60
2015-10-30,248.40,254.80,245.15,246.60,6173200,246.60
2015-11-02,246.50,246.60,236.30,238.90,4909500,238.90
2015-11-03,241.70,243.00,234.90,235.70,4492700,235.70
2015-11-04,239.15,240.00,233.85,235.40,4861300,235.40
2015-11-05,236.00,236.00,224.30,225.40,8801600,225.40
2015-11-06,218.90,221.85,215.10,220.25,9906300,220.25
2015-11-09,215.00,224.40,212.65,222.25,6272600,222.25
2015-11-10,220.80,222.25,217.15,218.05,4536400,218.05
2015-11-11,218.05,218.05,218.05,218.05,000,218.05
2015-11-12,218.05,218.05,218.05,218.05,000,218.05
2015-11-13,218.70,223.60,216.60,222.65,4426900,222.65
2015-11-16,222.85,231.90,220.20,230.60,6923300,230.60
2015-11-17,231.90,235.75,230.90,234.55,5240900,234.55
2015-11-18,234.10,235.00,225.20,225.85,5283600,225.85
2015-11-19,227.50,229.70,225.60,228.75,3661100,228.75
2015-11-20,228.10,232.75,228.10,230.00,3859400,230.00
2015-11-23,230.85,230.85,223.10,224.45,4102300,224.45
2015-11-24,223.35,226.40,222.50,224.35,4179000,224.35
2015-11-25,224.35,224.35,224.35,224.35,000,224.35
2015-11-26,225.50,230.00,224.20,227.90,4588000,227.90
2015-11-27,227.90,235.00,227.55,231.25,5393000,231.25
2015-11-30,232.40,234.40,228.80,229.60,4556700,229.60
2015-12-01,230.80,238.50,230.30,237.55,6586500,237.55
2015-12-02,239.95,245.90,238.10,243.85,8858300,243.85
2015-12-03,240.15,243.50,236.80,240.15,7107800,240.15
2015-12-04,238.05,244.25,237.10,240.25,5538100,240.25
2015-12-07,244.80,247.50,242.45,243.55,4936400,243.55
2015-12-08,242.05,243.05,233.50,234.75,4545900,234.75
2015-12-09,234.00,235.85,224.90,226.85,4727600,226.85
2015-12-10,227.25,234.75,226.50,233.00,4804800,233.00
2015-12-11,235.10,243.90,235.10,240.90,11922400,240.90
2015-12-14,239.00,248.90,238.45,245.00,11314400,245.00
2015-12-15,247.00,247.25,241.25,244.35,5218800,244.35
2015-12-16,246.55,248.60,242.10,244.70,5759800,244.70
2015-12-17,246.90,257.95,246.05,257.10,12112200,257.10
2015-12-18,256.50,257.95,254.00,255.65,6944200,255.65
2015-12-21,255.50,261.40,254.65,258.45,6195200,258.45
2015-12-22,259.00,261.80,256.55,257.40,4544200,257.40
2015-12-23,262.25,266.40,262.25,264.45,7702900,264.45
2015-12-24,266.00,266.00,260.60,263.35,3843700,263.35
2015-12-25,263.35,263.35,263.35,263.35,000,263.35
2015-12-28,263.95,264.30,253.00,254.10,5317600,254.10
2015-12-29,255.80,257.15,253.35,255.30,3800500,255.30
2015-12-30,256.40,261.80,255.10,258.70,6812700,258.70
2015-12-31,260.00,260.80,256.95,259.80,4446600,259.80
2016-01-01,259.00,259.90,253.40,257.40,3151500,257.40
2016-01-04,255.00,263.20,253.10,256.90,6981400,256.90
2016-01-05,257.55,276.40,257.55,274.30,15008900,274.30
2016-01-06,272.80,274.60,266.00,268.75,7454700,268.75
2016-01-07,263.00,263.30,248.20,249.90,9503700,249.90
2016-01-08,252.00,256.30,249.05,253.60,6299400,253.60
2016-01-11,247.00,253.35,244.25,251.65,6085300,251.65
2016-01-12,253.05,255.30,243.15,245.75,5425300,245.75
2016-01-13,248.50,251.80,237.00,246.60,7482400,246.60
2016-01-14,235.00,242.55,231.50,238.75,8884800,238.75
2016-01-15,242.50,243.00,228.10,229.70,5991600,229.70
2016-01-18,229.80,244.00,225.20,235.90,8417400,235.90
2016-01-19,237.55,240.95,231.25,238.00,6304100,238.00
2016-01-20,232.80,234.00,226.50,232.00,5486800,232.00
2016-01-21,234.70,239.35,231.25,235.60,6245300,235.60
2016-01-22,238.30,250.80,237.65,247.80,6510700,247.80
2016-01-25,249.00,256.40,248.80,254.90,5576500,254.90
2016-01-26,254.90,254.90,254.90,254.90,000,254.90
2016-01-27,255.00,259.90,253.40,257.60,6235600,257.60
2016-01-28,257.00,258.45,252.40,254.20,6016700,254.20
2016-01-29,254.65,258.80,247.45,249.70,6747900,249.70
2016-02-01,248.90,254.95,246.50,249.30,4420700,249.30
2016-02-02,250.25,251.00,230.10,231.45,8388400,231.45
2016-02-03,227.90,233.90,221.45,224.00,7791500,224.00
2016-02-04,224.40,228.60,219.00,225.95,11709400,225.95
2016-02-05,216.00,238.30,216.00,233.85,25803300,233.85
2016-02-08,238.60,243.95,232.05,234.10,10332400,234.10
2016-02-09,230.90,237.30,230.10,235.50,7562800,235.50
2016-02-10,234.85,237.75,227.10,235.70,7616000,235.70
2016-02-11,235.95,237.30,220.85,224.50,6151600,224.50
2016-02-12,226.00,229.35,211.15,217.50,9373700,217.50
2016-02-15,222.00,248.00,222.00,246.70,13602300,246.70
2016-02-16,249.60,251.60,243.15,244.85,9146800,244.85
2016-02-17,245.00,252.90,238.00,251.25,8295400,251.25
2016-02-18,255.00,256.50,243.20,250.85,9459300,250.85
2016-02-19,248.50,254.45,246.85,253.25,6770600,253.25
2016-02-22,253.60,257.50,251.70,255.25,4810300,255.25
2016-02-23,255.80,261.60,252.10,253.55,8452300,253.55
2016-02-24,250.60,253.75,246.95,247.90,4743800,247.90
2016-02-25,247.10,249.85,244.60,248.15,5588100,248.15
2016-02-26,249.50,251.70,243.15,248.45,5336800,248.45
2016-02-29,246.90,263.65,245.10,249.10,9850400,249.10
2016-03-01,250.00,258.15,246.55,257.05,7111200,257.05
2016-03-02,260.00,269.50,259.50,267.55,7645600,267.55
2016-03-03,273.00,289.00,272.10,287.05,17533000,287.05
2016-03-04,289.00,291.20,284.50,288.55,9170100,288.55
2016-03-07,288.55,288.55,288.55,288.55,000,288.55
2016-03-08,287.80,296.70,287.00,291.80,9281500,291.80
2016-03-09,283.50,296.50,281.30,295.40,10158400,295.40
2016-03-10,296.30,301.25,293.30,296.70,8556900,296.70
2016-03-11,296.00,298.20,290.35,294.05,7633600,294.05
2016-03-14,295.95,300.25,295.25,296.70,4445300,296.70
2016-03-15,297.00,302.00,294.10,300.45,6978000,300.45
2016-03-16,300.00,302.75,294.20,299.50,7039300,299.50
2016-03-17,304.50,305.65,294.90,295.90,8005500,295.90
2016-03-18,299.70,302.75,296.95,302.20,7314400,302.20
2016-03-21,302.00,305.95,300.65,303.55,5651700,303.55
2016-03-22,303.10,311.80,301.35,309.80,6579000,309.80
2016-03-23,311.80,317.90,310.55,317.20,6377700,317.20
2016-03-24,317.20,317.20,317.20,317.20,000,317.20
2016-03-25,317.20,317.20,317.20,317.20,000,317.20
2016-03-28,318.40,318.40,297.40,299.15,9069700,299.15
2016-03-29,300.00,307.75,300.00,303.85,5937100,303.85
2016-03-30,309.45,325.75,305.30,324.30,12438800,324.30
2016-03-31,324.90,324.90,314.40,319.70,13349900,319.70
2016-04-01,317.65,319.85,313.35,317.75,5570000,317.75
2016-04-04,315.80,323.10,314.70,320.35,5167900,320.35
2016-04-05,316.95,319.40,308.30,312.30,5723200,312.30
2016-04-06,315.00,332.00,313.55,328.55,14591000,328.55
2016-04-07,329.90,332.75,322.10,323.70,8609400,323.70
2016-04-08,323.05,324.80,319.05,322.10,6080900,322.10
2016-04-11,322.00,333.30,320.05,331.15,9014800,331.15
2016-04-12,323.90,330.90,318.00,324.50,11110200,324.50
2016-04-13,327.50,336.20,326.00,332.85,10284400,332.85
